1. +91 91598 33678
2. +91 90923 32544
3. +91 87543 36155
4. +91 7708 660 799
5. +91 7639 287 177
6. +91 90257 00251
7. +91 73584 78696
8. +91 70101 25703
9. +91 63854 08273
10. +91 7397 124 207
11. +91 94873 11688
12. +91 86087 06434
13. +91 96770 38307
14. +91 63697 50104
15. +91 883 813 7875
16. +91 78689 59129
17. +91 95855 03039
18. +91 94442 46584
19. +91 7708 987 943
20. +91 97881 94404
21. +91 97865 64796
22. +91 7639 846 701
23. +91 78454 28485
24. +91 82703 97219
25. +91 85250 37715
26. +91 95008 66235
27. +91 93452 40212
28. +91 89256 73284
29. +91 88077 62288
30. +91 95971 70229
31. +91 7639 135 633
32. +91 8072 885 845
33. +91 63691 87803
34. +91 96774 99046
35. +91 877 866 7899
36. +91 88254 52308
37. +91 96987 77640
38. +91 79049 11047
39. +91 87629 53400
40. +91 97153 18060
41. +91 99622 42168
42. +91 97909 74219
43. +91 98402 74287
44. +91 90808 40027
45. +91 98433 22312
46. +91 63694 16965
47. +91 63743 81975
48. +91 63793 58968
49. +91 63798 99156
50. +91 63800 65503
51. +91 63802 83078
52. +91 63804 83395
53. +91 63805 50237
54. +91 63805 74838
55. +91 70103 88615
56. +91 70104 82130
57. +91 70106 28254
58. +91 70108 69961
59. +91 70942 44884
60. +91 70947 63073
61. +91 72007 23064
62. +91 72991 16922
63. +91 73585 09821
64. +91 73586 12117
65. +91 744 875 0877
66. +91 755 811 0043
67. +91 755 814 6263
68. +91 76670 70884
69. +91 76958 12270
70. +91 7708 395 043
71. +91 78456 14601
72. +91 79044 69314
73. +91 79047 74023
74. +91 80157 17026
75. +91 8072 055 567
76. +91 8072 102 915
77. +91 8072 182 871
78. +91 8072 364 895
79. +91 8072 390 073
80. +91 8072 480 802
81. +91 81100 80969
82. +91 81439 72479
83. +91 81444 67779
84. +91 82201 29016
85. +91 82209 43319
86. +91 83006 45809
87. +91 84282 62721
88. +91 84386 35265
89. +91 84894 73419
90. +91 86082 27062
91. +91 861 002 0404
92. +91 861 011 8262
93. +91 861 078 0074
94. +91 866 739 5055
95. +91 866 771 1990
96. +91 86957 50752
97. +91 87600 09981
98. +91 877 804 0419
99. +91 877 840 5176
100. +91 877 848 3160
101. +91 88075 26667
102. +91 88256 50046
103. +91 883 810 1189
104. +91 883 866 5879
105. +91 88700 37426
106. +91 88705 11289
107. +91 88707 54535
108. +91 88709 46974
109. +91 89038 91208
110. +91 89039 86081
111. +91 89251 19534
112. +91 89251 99570
113. +91 89253 91175
114. +91 89401 83672
115. +91 89407 91999
116. +91 89511 16080
117. +91 90033 00448
118. +91 90036 18020
119. +91 90255 02560
120. +91 90291 58777
121. +91 90420 98147
122. +91 90423 06083
123. +91 90430 55911
124. +91 90433 57336
125. +91 90802 79332
126. +91 90876 83280
127. +91 90927 95681
128. +91 90957 45547
129. +91 91609 49996
130. +91 93429 75832
131. +91 93440 37810
132. +91 93444 96120
133. +91 93446 61200
134. +91 93603 91771
135. +91 93616 53356
136. +91 93637 94837
137. +91 94436 24785
138. +91 94458 85644
139. +91 95516 66573
140. +91 95518 86705
141. +91 95664 96527
142. +91 95667 03045
143. +91 95787 36441
144. +91 95973 98707
145. +91 95975 16497
146. +91 95976 24652
147. +91 96009 17298
148. +91 96266 79759
149. +91 96267 79908
150. +91 96296 63660
151. +91 96296 64408
152. +91 96771 72644
153. +91 96988 08483
154. +91 97151 47516
155. +91 97874 90963
156. +91 97899 56531
157. +91 97900 59524
158. +91 97909 13174
159. +91 98408 04009
160. +91 98409 97162
161. +91 98418 61209
162. +91 98436 43038
163. +91 98438 93337
164. +91 98846 40671
165. +91 98942 44035
166. +91 98943 59920
167. +91 98946 68852
168. +91 99408 22640
169. +91 99409 48446
170. +91 99417 37774
171. +91 99441 68325
172. +91 99445 59330
173. +91 99622 03213
174. +91 99655 31274
175. +91 99728 99573
176. +91 99941 05626
