177. +91 8072 973 996
178. +91 90476 52035
179. +91 80566 62343
180. +91 99622 20807
181. +91 84282 57235
182. +91 80150 80638
183. +91 93457 98672
184. +91 90878 61433
185. +91 93616 69489
186. +91 99943 17541
187. +91 95979 67627
188. +91 63822 21497
189. +91 78670 44846
190. +91 63805 15493
191. +91 97107 43837
192. +91 63805 34073
193. +91 90950 97880
194. +91 97875 93370
195. +91 70101 94829
196. +91 70927 99376
197. +91 89390 97503
198. +91 99447 13840
199. +91 93448 18276
200. +91 877 883 7542
201. +91 861 042 0183
202. +91 80564 82728
203. +91 87548 84858
204. +91 7397 512 493
205. +91 90476 92828
206. +91 98941 63782
207. +91 88830 61081
208. +91 81243 88745
209. +91 95008 75913
210. +91 96265 88504
211. +91 79045 29412
212. +91 97915 15288
213. +91 90037 63695
214. +91 93447 73398
215. +91 89392 74210
216. +91 78069 64229
217. +91 96293 88674
218. +91 877 896 4015
219. +91 90039 55687
220. +91 82209 69664
221. +91 96004 95879
222. +91 755 984 0485
223. +91 883 832 5178
224. +91 96004 78843
225. +91 63744 86549
226. +91 84892 48921
227. +91 824 810 6862
228. +91 75027 04750
229. +91 99438 34988
230. +91 88701 64258
231. +91 93614 32146
232. +91 90470 44265
233. +91 73059 62087
234. +91 93858 05821
235. +91 85260 35791
236. +91 72009 02483
237. +91 93610 93336
238. +91 81445 56855
239. +91 97917 59507
240. +91 91235 01455
